200,234,122,232
201,234,123,232
136,234,126,233
200,234,122,224
200,234,114,232
200,234,122,200
200,235,122,232
200,238,122,232
200,232,122,233
136,203,122,232
200,206,122,232
201,251,122,232
200,234,122,168
200,232,126,200
200,235,114,232
72,234,120,233
128,44,237,111
128,40,237,111
144,44,237,111
128,172,237,111
128,12,109,79
128,60,236,127
128,46,237,111
128,45,237,107
129,108,237,111
128,44,229,111
128,13,237,127
128,44,205,111
128,44,229,110
128,44,221,239
128,108,173,111
224,44,229,111
74,113,124,185
72,113,116,153
74,114,124,153
74,113,124,169
74,113,60,185
202,113,60,185
74,113,124,249
74,112,124,145
78,121,124,185
66,115,125,185
74,97,124,185
74,112,126,185
66,115,124,185
73,113,124,189
74,112,124,185
74,113,94,169
235,12,97,133
171,13,97,133
235,14,97,129
235,12,97,141
235,12,81,133
171,13,97,165
203,12,97,133
235,76,97,133
235,60,97,132
234,46,97,133
235,12,33,132
235,14,97,133
235,76,96,132
235,12,225,5
234,12,105,165
235,12,96,133
83,205,149,162
115,205,21,162
67,205,149,38
83,77,149,162
83,205,157,162
82,197,149,162
83,205,151,162
83,221,21,178
83,205,149,170
67,76,149,162
87,233,149,162
83,205,149,166
115,237,133,162
211,237,149,178
81,205,149,98
83,223,149,162
188,180,40,232
189,180,40,236
188,180,32,232
60,244,40,232
188,52,40,233
188,181,40,232
189,164,40,248
172,244,40,232
181,182,40,232
252,52,40,224
188,180,40,234
252,180,56,232
156,176,168,232
188,52,8,233
188,180,40,200
188,181,44,232
107,14,247,90
107,14,247,122
105,78,215,90
107,78,247,90
105,14,183,90
107,30,247,90
103,14,247,90
107,14,240,90
235,78,247,90
75,10,247,90
107,14,255,90
107,12,247,90
107,14,247,82
107,142,247,74
107,142,247,88
111,46,247,82
89,121,212,122
89,89,212,62
91,121,208,123
89,121,244,122
89,121,214,122
88,121,208,122
89,121,212,254
89,249,244,122
92,125,212,122
89,121,214,120
89,121,212,170
89,121,212,250
89,109,208,122
89,105,212,122
89,121,212,120
89,121,220,82
217,203,152,191
216,203,152,191
217,75,152,191
217,201,144,175
217,203,136,191
217,203,152,187
217,203,152,47
217,235,152,61
217,203,216,159
209,203,136,255
217,203,152,159
217,203,152,190
89,203,200,191
217,207,152,223
205,203,184,191
219,202,152,191
205,45,61,191
205,41,61,183
205,45,53,191
197,45,61,239
205,109,61,175
205,45,57,191
77,45,61,191
205,61,61,63
201,45,61,251
205,175,61,191
205,173,61,191
205,13,61,191
205,45,157,63
141,45,61,191
205,109,44,191
77,45,53,191
58,37,17,6
50,53,17,14
122,37,81,134
186,37,17,70
56,37,17,6
58,5,16,22
62,37,17,6
58,165,17,6
58,37,3,6
122,37,16,6
42,97,17,6
50,37,21,2
58,53,17,6
58,177,17,6
59,101,21,6
62,37,21,6
130,108,148,245
10,236,148,245
130,108,150,245
130,108,20,245
134,108,148,247
130,76,148,245
138,108,148,245
130,108,148,253
146,76,148,245
194,108,148,245
130,124,148,245
138,100,148,245
194,104,148,245
130,104,148,245
130,108,148,213
128,124,148,245
253,190,28,71
253,190,156,71
253,190,28,199
253,126,24,71
253,28,28,71
253,190,29,71
125,174,28,71
253,191,21,71
245,158,28,67
189,190,28,86
253,190,20,67
255,174,20,71
253,190,60,71
253,190,28,87
253,188,28,7
253,189,12,71
102,198,140,162
38,198,140,162
102,6,140,162
102,206,140,162
71,198,12,162
230,198,172,163
100,198,140,162
86,198,142,162
102,198,172,168
38,198,132,162
102,196,140,226
102,198,156,171
102,199,172,162
102,206,140,230
102,198,141,162
102,246,140,162
75,112,157,165
75,116,157,37
75,112,159,197
75,48,157,33
75,96,221,165
73,112,157,5
75,240,153,165
75,113,157,133
67,115,157,165
75,80,153,164
11,112,157,165
75,113,157,165
75,112,151,164
75,115,29,165
91,112,157,165
75,112,157,37
169,88,84,67
141,216,84,67
169,84,84,67
169,88,116,67
169,121,84,67
169,88,80,67
169,120,84,67
169,88,212,67
169,88,84,75
169,88,80,99
185,88,84,67
41,88,84,67
169,88,20,67
169,88,80,71
171,120,84,67
141,88,84,67
183,86,205,186
183,70,205,250
183,94,197,186
151,86,205,170
151,86,205,186
182,118,205,186
183,86,136,186
183,94,77,190
55,86,79,186
183,118,205,58
183,22,207,184
183,118,205,186
183,86,221,250
247,86,205,190
179,86,205,170
167,86,205,179
139,68,193,246
171,68,193,246
143,100,193,254
139,196,65,246
171,196,193,246
139,70,192,246
139,68,137,246
139,68,193,240
139,69,193,246
139,68,209,247
170,68,193,254
143,68,193,116
139,68,193,242
131,68,193,246
131,68,193,247
131,70,225,246
46,55,88,40
46,63,72,40
46,54,88,40
46,53,80,168
46,127,88,44
42,55,88,40
46,55,82,168
47,55,88,41
46,63,88,32
102,55,88,40
46,55,88,168
46,119,120,42
46,119,24,40
110,23,88,40
46,54,89,40
62,55,24,32
197,81,170,21
197,81,170,149
197,81,170,20
213,65,174,21
197,85,170,21
197,87,174,21
197,81,138,21
197,17,170,21
197,81,170,53
197,177,170,21
193,81,171,53
197,65,138,29
213,81,186,21
229,83,170,21
197,81,187,85
195,81,138,21
26,9,25,221
26,9,89,221
30,9,25,221
27,9,25,221
26,13,25,221
26,9,25,217
26,9,57,201
26,41,89,221
24,73,25,220
2,9,25,221
26,137,27,221
26,137,9,221
26,201,57,221
90,9,25,221
26,1,25,253
26,73,27,205
222,200,170,124
222,200,250,124
222,72,170,124
222,202,163,124
222,72,154,124
220,200,40,124
254,200,170,124
94,200,170,124
223,200,42,124
158,200,170,124
222,136,234,124
78,72,170,124
222,232,170,253
222,192,42,124
214,200,162,124
222,72,170,120
172,231,121,148
236,235,121,148
172,199,121,180
172,231,121,244
172,231,89,148
172,111,89,148
172,167,125,148
172,231,89,144
172,230,121,156
164,231,121,148
172,199,121,148
140,167,121,148
172,231,113,148
172,227,57,148
172,231,249,20
172,231,121,149
20,34,102,226
20,34,102,246
20,46,102,226
20,34,86,226
20,34,70,224
20,34,102,128
20,34,78,226
4,34,102,226
144,34,102,226
20,34,98,226
20,34,246,226
20,34,102,224
16,38,102,226
84,34,100,226
20,50,6,226
28,42,38,226
33,75,109,59
32,79,109,59
97,75,109,59
33,75,77,59
32,75,109,59
33,75,77,123
35,91,109,123
35,75,109,59
33,75,111,59
35,75,109,27
33,67,69,59
41,73,105,59
33,75,127,58
33,107,101,59
41,75,109,43
33,67,109,59
217,113,89,132
217,113,121,132
217,112,89,196
221,113,81,140
217,83,89,132
219,113,89,128
217,116,89,133
217,80,88,132
217,241,89,132
219,81,93,132
217,113,89,192
221,241,217,132
153,113,89,166
209,113,89,68
217,121,91,140
89,113,89,164
142,48,118,116
142,48,54,118
136,32,118,116
142,49,118,116
142,48,118,188
142,16,118,116
142,48,118,112
158,48,118,116
158,48,112,116
142,48,102,116
134,48,118,116
142,50,118,126
140,48,118,100
138,50,118,116
222,48,118,116
174,176,54,116
184,117,172,171
168,117,172,175
184,117,188,171
188,119,172,187
184,117,172,187
188,85,188,171
169,117,172,171
184,116,172,170
188,117,172,171
56,117,204,171
250,117,172,187
184,53,172,170
168,117,174,171
56,117,172,137
184,113,172,59
152,113,174,171
189,198,104,14
191,198,104,14
189,195,104,14
189,230,120,14
189,194,108,15
189,198,108,14
185,198,97,14
189,102,104,14
61,230,104,14
189,86,104,10
188,198,104,14
253,198,104,14
189,198,104,15
185,198,104,14
189,198,232,14
189,198,237,14
91,182,217,192
91,150,217,192
91,182,153,208
81,150,217,192
91,182,216,192
91,182,217,210
89,178,217,192
95,182,217,192
91,178,89,192
107,190,217,192
121,182,217,192
75,182,217,192
95,182,217,96
91,182,209,192
91,182,217,196
25,182,201,192
235,192,113,85
235,192,113,93
235,195,113,85
232,200,113,85
234,192,113,85
171,192,121,85
251,194,113,117
235,192,49,85
235,192,117,85
235,208,113,85
203,208,113,85
234,192,49,85
233,200,121,85
235,193,113,85
171,192,113,85
171,64,113,85
70,196,104,75
70,196,104,74
2,196,104,75
70,196,104,235
70,196,233,75
70,196,104,76
70,196,104,11
70,196,72,74
102,196,104,111
102,196,104,75
198,196,105,91
82,196,104,75
86,196,105,75
70,196,108,91
6,196,104,9
70,196,108,75
211,237,246,82
211,237,179,82
211,236,246,82
211,233,246,87
215,173,246,82
195,237,246,82
211,109,246,82
211,237,246,86
211,207,246,82
211,237,247,82
195,237,86,82
211,237,246,210
147,237,246,87
211,229,246,22
211,239,246,82
211,229,246,82
109,59,244,180
109,59,244,164
111,59,244,188
109,59,252,180
101,187,180,180
101,59,244,180
125,59,244,180
109,59,246,180
108,59,244,180
109,123,244,180
237,59,244,180
109,187,244,180
109,59,244,228
77,123,244,180
109,43,228,180
109,59,246,148
49,17,43,84
49,24,47,84
48,17,43,84
161,17,43,84
49,81,43,84
49,17,47,84
113,29,43,84
177,1,59,84
37,17,59,84
48,1,43,84
49,17,43,68
49,25,42,84
49,17,10,212
112,17,43,85
51,81,43,84
48,1,43,20
74,86,80,128
74,214,112,130
74,86,82,128
74,84,80,128
74,86,16,129
74,86,80,129
74,86,112,128
74,22,80,128
78,86,80,160
106,214,80,136
74,86,64,133
74,82,16,128
90,70,80,130
106,86,16,128
74,94,80,128
74,86,80,144
30,80,57,86
26,80,57,214
158,82,57,118
58,80,57,86
30,80,57,87
30,80,57,214
28,80,57,86
30,81,59,86
30,84,57,118
140,80,57,86
22,80,57,86
30,80,60,86
62,80,59,84
26,80,45,86
94,208,57,22
31,80,49,86
46,37,178,253
46,5,178,221
46,39,178,253
47,36,178,253
46,37,2,253
46,165,178,237
46,37,182,253
46,37,178,245
46,45,178,189
62,37,178,253
46,1,178,221
46,37,176,125
62,37,182,255
38,101,178,189
110,37,178,253
47,37,146,253
247,185,179,204
247,181,179,204
247,177,179,204
119,185,179,204
247,169,178,204
247,185,179,206
118,185,179,204
245,185,179,204
247,153,147,204
247,249,179,205
247,185,51,204
231,185,178,204
247,184,179,204
247,185,178,204
215,185,179,204
243,185,179,204
126,71,72,63
126,71,8,63
126,199,72,63
126,79,72,63
126,71,76,47
110,71,72,63
126,79,74,63
62,71,72,63
126,7,88,63
122,71,72,127
126,71,74,47
126,71,73,63
126,71,72,127
126,71,200,63
127,71,72,63
126,85,74,63
62,22,4,210
62,23,76,210
62,54,4,208
62,22,4,218
46,22,4,210
62,150,36,211
62,86,140,210
62,6,68,210
54,22,4,210
60,23,4,194
46,22,4,194
62,22,36,82
190,150,4,194
190,214,4,210
62,22,36,218
62,30,4,210
187,50,97,203
187,50,104,219
27,50,97,203
187,178,97,203
187,50,97,202
187,50,96,203
187,114,97,203
187,51,97,203
187,50,97,235
187,50,97,195
27,50,97,139
155,54,65,203
187,50,97,139
191,50,97,74
59,114,97,139
59,18,99,203
32,107,103,51
32,111,103,51
32,123,119,115
2,107,103,51
33,107,111,59
160,107,103,51
32,67,103,51
32,123,103,51
32,75,103,51
40,107,103,51
32,107,110,51
32,107,111,51
32,75,71,179
32,105,102,51
32,107,71,35
40,107,102,35
55,87,246,246
55,23,246,244
55,87,214,246
55,87,246,254
55,83,242,244
119,87,246,247
54,87,246,246
183,87,246,228
183,199,246,246
179,87,254,246
63,83,254,246
51,87,246,246
117,87,246,244
119,83,247,246
54,87,118,246
51,71,214,246
125,46,125,91
125,46,121,91
125,38,125,90
125,44,125,91
125,46,125,123
93,46,93,83
125,46,127,91
125,42,125,91
125,174,125,91
124,46,125,91
92,46,93,91
253,47,121,91
93,46,126,91
127,174,125,91
125,173,125,91
255,46,125,91
218,141,98,107
154,141,98,107
218,141,34,107
218,140,98,107
218,141,162,107
218,141,98,43
218,189,98,107
88,141,99,107
218,141,102,43
234,141,98,105
218,143,50,107
202,141,98,107
216,141,98,107
222,143,66,107
218,140,34,235
218,137,98,99
92,125,251,59
92,109,251,63
84,124,123,59
93,61,251,59
88,125,107,59
92,127,251,59
92,125,219,59
92,125,187,26
92,125,249,59
92,125,123,59
124,125,251,59
92,127,251,107
92,125,235,123
92,125,219,58
92,109,219,57
220,125,251,59
78,247,213,250
76,118,213,250
206,247,213,250
78,247,209,254
78,255,213,250
6,247,215,250
78,247,208,254
78,183,213,250
108,247,213,250
70,247,213,250
78,243,213,250
78,247,213,202
78,215,213,248
12,247,213,250
78,247,213,232
78,247,215,190
134,154,69,16
134,154,64,18
198,154,69,16
150,146,69,16
6,154,5,16
134,154,101,0
150,138,69,16
134,154,69,48
196,154,85,16
134,24,69,16
134,152,69,16
135,218,71,16
134,154,69,20
134,186,69,16
134,26,69,16
134,154,69,144
162,184,233,45
163,184,248,45
162,184,201,45
162,184,104,13
160,184,233,45
162,186,233,45
170,184,233,45
166,176,233,45
162,184,169,45
162,184,233,37
162,184,233,173
170,184,235,45
34,248,233,45
162,184,232,45
162,56,232,13
162,188,105,45
24,139,235,141
26,139,235,157
24,139,251,139
58,139,235,141
152,139,235,141
24,11,235,141
24,139,175,157
57,139,235,141
24,139,171,141
24,11,235,157
27,139,235,141
24,143,235,133
28,139,235,141
24,139,235,143
24,139,235,133
16,139,239,141
202,37,72,69
202,173,72,69
206,39,72,65
202,33,64,69
202,37,104,68
200,33,72,68
202,45,72,69
203,39,104,69
138,37,104,197
202,37,72,197
206,37,72,69
206,97,72,69
74,37,72,69
206,33,72,69
202,37,88,69
194,161,72,69
215,193,40,249
215,193,40,253
151,193,40,249
215,193,104,249
215,193,40,232
87,193,40,249
215,193,56,249
213,193,40,249
215,65,40,251
215,147,40,249
215,193,10,217
215,193,40,185
215,225,32,249
223,195,40,249
215,201,40,249
223,193,40,249
227,175,117,187
231,175,117,187
227,173,245,251
225,175,117,187
227,175,117,155
227,47,117,187
231,47,117,171
227,191,117,187
227,143,117,187
231,175,113,59
163,174,113,187
227,173,117,187
243,175,119,179
227,171,117,187
227,191,103,187
227,175,117,179
124,108,188,142
124,124,188,142
110,124,188,142
84,44,188,142
124,108,190,134
120,104,190,142
125,109,188,142
124,108,252,142
124,237,188,140
124,108,190,143
124,236,252,142
124,126,188,142
252,108,188,142
60,108,188,138
116,108,190,142
124,111,252,142
194,173,97,244
226,173,97,244
194,237,225,212
194,45,97,244
66,173,96,245
194,169,96,246
196,173,97,240
194,173,65,244
194,173,81,244
194,173,97,229
194,173,97,180
196,173,97,244
202,173,97,244
194,173,115,244
138,173,97,244
195,173,97,244
19,194,229,151
19,67,229,151
19,194,228,135
3,130,101,151
19,226,237,151
145,194,229,151
23,194,229,151
19,194,165,151
19,194,229,23
19,194,117,151
19,226,197,151
19,66,165,151
19,194,229,135
19,194,101,151
19,194,229,150
16,194,229,151
15,192,158,179
15,208,138,179
15,192,222,242
13,192,158,183
15,224,159,179
15,192,158,243
7,200,158,179
15,64,158,179
7,194,158,179
15,192,158,51
11,200,158,179
47,192,158,179
7,192,158,177
15,192,159,179
43,192,159,179
15,194,190,179
221,162,127,69
215,162,126,69
221,162,255,68
157,162,127,5
221,166,127,68
220,34,123,69
221,226,127,69
221,162,127,5
221,162,119,69
221,162,127,85
221,162,94,69
223,162,127,69
221,160,127,69
209,162,127,69
216,162,127,69
220,162,127,69
16,235,136,12
8,235,168,12
16,235,152,44
16,251,136,12
18,233,136,12
16,235,136,14
16,250,136,12
16,235,136,28
16,235,152,12
24,251,136,12
16,235,138,12
16,107,128,12
16,235,140,76
16,99,136,12
16,235,138,76
16,235,168,68
184,124,119,99
186,124,119,98
184,60,247,67
184,124,119,98
184,124,118,107
184,28,247,99
185,124,243,99
248,121,119,99
184,124,119,67
184,108,87,99
184,124,119,103
185,124,119,99
152,108,119,67
172,124,87,99
184,252,101,99
184,124,247,103
58,187,42,244
58,155,58,244
58,155,110,244
59,171,34,244
59,187,122,244
58,187,46,228
170,251,42,244
58,191,42,244
58,155,42,244
42,187,42,228
42,187,34,245
59,187,42,244
59,186,42,244
58,187,62,246
58,187,42,116
58,179,10,244
230,218,249,244
230,202,249,241
231,234,249,244
102,218,249,212
228,222,249,244
230,146,121,244
228,218,249,246
228,202,249,240
230,218,249,116
102,218,249,244
228,218,121,252
198,218,249,244
230,251,249,244
230,202,249,244
230,218,249,240
230,218,121,241
16,4,141,19
20,5,141,19
0,4,137,51
80,0,141,19
16,6,153,19
144,5,137,19
18,4,141,19
16,6,141,83
18,32,141,19
80,4,141,17
16,68,141,23
18,4,143,3
16,4,140,51
16,68,141,51
16,4,141,147
16,4,157,19
185,29,114,140
185,157,114,140
185,61,114,140
185,93,86,140
185,29,114,142
185,29,112,140
152,29,115,140
185,31,50,140
185,29,50,132
185,92,114,140
189,29,178,140
57,29,114,204
187,29,242,12
169,159,114,140
185,29,122,172
169,29,114,140
118,253,144,203
116,253,144,203
124,253,144,203
118,253,144,139
114,255,144,203
118,253,152,203
118,253,152,194
118,249,144,203
118,189,144,203
54,253,128,203
118,252,144,203
118,245,154,203
118,252,145,203
126,253,144,203
127,253,144,203
126,245,144,203
198,58,16,244
214,58,16,244
198,56,20,180
198,42,16,244
198,58,48,212
214,50,16,244
198,58,0,244
198,58,17,244
134,58,16,244
198,58,16,180
198,50,16,244
198,26,21,244
198,58,48,244
196,42,0,244
230,58,16,244
198,126,17,244
190,204,213,3
190,206,213,3
190,212,213,1
190,252,213,3
190,204,209,131
190,204,213,7
188,76,213,35
190,206,213,1
62,204,213,3
190,204,209,3
180,204,221,3
190,222,213,35
190,232,245,3
150,140,213,3
174,204,213,3
158,196,209,3
248,35,221,184
248,35,221,152
252,35,253,56
248,33,221,184
248,35,223,188
248,3,221,24
248,163,255,184
252,35,213,168
248,39,205,248
248,99,223,152
248,35,221,168
152,35,221,188
248,35,209,185
248,43,221,168
152,35,221,185
120,35,223,186
205,66,35,58
239,66,35,58
205,82,35,42
197,98,35,50
204,66,3,26
205,98,35,58
221,66,35,58
205,194,35,58
205,66,35,42
205,66,39,58
207,66,35,42
204,66,163,58
143,66,35,58
205,66,67,62
205,130,35,62
205,66,35,186
89,0,190,202
216,0,190,74
89,0,62,202
89,32,182,206
93,0,190,202
89,0,182,207
88,0,190,202
89,0,190,74
89,136,188,202
89,0,186,202
89,2,190,206
25,0,190,202
93,64,190,202
89,0,190,206
89,0,156,202
89,0,174,202
157,56,154,212
157,56,146,212
157,56,154,208
157,57,154,221
157,48,154,212
157,184,154,212
153,56,154,212
157,56,26,212
157,44,154,148
151,56,154,212
156,24,155,212
157,40,154,212
153,57,218,212
157,25,154,212
157,56,90,214
156,56,154,212
111,145,154,91
47,145,154,91
103,209,154,83
103,144,154,123
111,129,154,91
111,147,154,91
109,145,152,89
109,211,154,91
111,153,26,75
47,153,158,91
111,145,154,75
111,145,155,91
127,177,154,83
111,145,152,91
103,145,154,91
111,17,154,91
4,142,12,55
36,142,12,55
4,46,12,55
4,14,8,55
4,140,12,55
5,142,12,49
5,142,12,55
4,142,12,183
4,174,76,55
36,142,4,55
4,190,76,55
4,142,12,54
36,158,12,183
28,142,12,55
4,142,204,55
4,134,8,23
209,127,244,214
83,123,244,214
209,127,100,222
217,127,244,230
241,127,244,214
209,127,244,210
145,127,244,214
209,127,246,214
209,127,244,198
213,127,116,198
208,127,244,214
209,103,244,214
209,127,252,198
209,119,244,214
217,111,228,214
65,127,244,214
150,116,224,92
150,116,224,220
210,116,224,92
151,84,228,92
150,84,224,92
150,100,224,84
150,116,192,92
198,52,224,92
150,116,224,124
150,116,225,126
150,116,229,92
214,116,228,220
150,118,232,124
150,116,240,92
150,124,225,124
158,116,224,92
226,157,51,15
226,156,51,45
234,141,19,15
224,159,51,15
250,157,51,15
226,157,119,15
226,157,51,31
226,253,51,15
226,189,51,15
224,157,51,15
227,157,51,47
226,156,51,15
226,141,51,15
162,153,51,47
194,221,51,15
98,157,179,14
34,135,221,167
34,7,220,167
2,135,221,175
34,167,221,135
34,135,221,166
34,131,221,167
38,199,221,166
34,135,93,167
98,135,220,231
34,199,217,166
38,135,221,167
38,135,217,175
34,135,253,167
34,23,217,167
34,131,220,167
34,199,221,231
142,109,166,10
142,101,166,10
142,109,166,138
142,233,166,10
142,109,230,14
174,109,134,8
142,108,166,10
142,101,230,10
142,109,134,10
142,77,166,10
142,108,134,10
142,109,174,10
14,109,172,10
150,108,166,10
174,77,162,10
142,237,130,10
13,8,90,180
12,8,90,176
15,8,90,180
13,8,90,181
12,26,90,180
13,12,90,180
45,8,74,180
13,8,88,52
13,8,90,244
13,72,91,180
13,8,90,52
13,11,90,180
13,9,90,180
21,8,90,176
45,8,90,180
45,8,94,180
63,15,219,34
63,15,219,38
62,15,219,50
63,15,211,38
63,15,219,170
63,15,243,34
191,15,219,32
61,31,219,34
63,13,243,34
63,14,219,2
31,15,219,34
63,11,219,34
127,14,219,34
62,15,219,34
63,15,219,2
63,31,91,162
203,94,169,236
206,94,173,236
75,94,169,232
107,92,169,236
143,94,185,236
201,94,232,236
195,78,173,236
207,94,173,204
203,86,169,236
203,94,173,239
202,78,169,236
234,126,169,236
202,94,137,172
203,94,169,228
235,92,41,236
203,94,173,236
22,144,150,143
22,144,150,142
6,144,134,143
22,146,151,143
20,208,150,15
22,144,182,143
31,144,151,143
22,208,150,143
22,152,150,143
22,128,148,141
22,128,182,143
86,144,150,143
23,144,150,175
22,16,150,207
22,146,158,143
22,148,182,142
43,133,22,114
43,151,22,122
43,141,22,114
59,133,22,114
43,149,22,114
43,133,23,82
43,133,20,113
59,133,22,242
15,133,22,114
43,149,30,242
43,197,22,114
43,133,54,114
43,133,18,114
43,133,30,99
43,131,150,114
43,133,150,114
11,3,154,122
11,3,186,120
11,1,154,122
11,67,154,122
11,3,154,120
15,3,154,114
43,3,154,122
11,3,154,114
3,3,154,122
11,75,154,122
75,3,158,120
27,3,154,122
47,3,154,122
171,7,154,122
11,1,154,118
3,19,146,122
156,15,121,13
156,11,120,13
156,142,121,13
156,15,120,13
188,15,89,13
156,7,57,15
144,15,121,13
156,15,121,15
156,14,57,29
156,15,57,9
156,78,121,45
156,23,105,13
156,7,121,13
156,39,121,141
156,15,121,12
152,15,123,141
123,219,125,8
123,251,125,8
123,219,61,8
123,219,117,8
123,219,125,41
251,219,125,72
107,203,124,8
123,219,125,0
107,219,125,136
123,219,253,9
123,219,127,8
121,91,124,8
115,219,77,8
91,203,125,136
123,223,125,8
123,218,124,8
6,13,155,7
6,13,155,6
6,13,155,5
2,13,155,7
6,13,152,6
6,45,155,22
6,12,154,7
38,29,155,7
6,15,155,3
7,13,31,7
134,28,155,7
6,47,27,7
134,15,155,7
6,9,155,7
6,15,155,7
6,77,155,7
247,134,110,106
247,134,110,104
247,150,110,10
119,130,126,106
191,198,110,106
247,198,126,106
183,130,110,98
247,134,238,106
215,134,46,106
247,134,110,66
247,134,110,107
247,132,110,234
183,135,110,98
247,130,110,234
255,134,74,106
247,150,111,106
208,143,29,121
80,159,93,121
152,143,29,89
212,135,29,121
194,143,29,121
208,143,29,249
208,175,61,113
208,143,31,121
192,143,29,123
193,142,29,121
208,143,29,113
192,143,157,123
210,143,29,125
144,143,29,121
208,143,29,123
210,143,29,121
79,157,44,235
79,157,45,163
79,29,56,235
239,157,44,235
78,157,44,251
71,157,44,234
79,157,46,251
77,159,12,235
79,221,44,235
127,189,44,235
67,157,44,235
11,157,36,235
71,157,44,235
79,205,108,235
79,157,36,235
78,156,44,235
138,41,158,115
136,40,158,115
10,107,158,115
170,41,150,119
138,41,158,119
130,57,158,83
143,41,154,115
138,41,30,115
138,41,158,243
138,57,158,119
142,41,158,115
138,41,190,49
200,41,158,115
138,33,158,251
138,9,150,115
139,41,158,115
60,31,75,153
44,31,75,153
60,27,75,25
52,159,75,25
60,31,75,152
188,31,75,145
60,31,79,217
60,31,75,147
44,127,75,153
60,29,75,153
60,31,67,9
60,31,75,157
60,31,74,153
60,31,75,155
61,15,75,153
62,31,75,136
103,186,174,161
103,90,174,161
111,186,46,160
103,186,174,177
103,186,174,227
103,186,62,33
103,186,190,161
103,170,174,161
103,250,170,161
99,184,175,161
101,250,174,169
103,184,234,161
103,58,172,161
103,170,174,41
103,186,46,161
103,186,142,161
39,220,65,103
7,92,65,71
39,158,65,119
39,216,65,103
39,236,65,103
47,220,65,103
37,204,65,103
167,212,65,103
39,220,73,103
39,222,65,102
37,220,85,103
39,220,69,103
55,216,65,102
39,220,65,111
39,252,73,103
47,220,193,103
188,136,134,125
188,168,134,125
189,136,134,125
188,136,166,125
180,136,134,125
188,136,134,61
252,136,134,109
252,8,134,61
189,200,134,125
188,136,135,125
188,138,134,124
188,128,134,125
188,136,134,121
188,136,150,125
188,136,130,124
124,136,150,125
166,85,150,50
167,85,150,50
35,85,150,50
182,85,148,18
166,85,151,98
166,85,148,50
166,81,23,50
230,85,134,50
38,85,183,50
166,85,134,50
166,81,134,18
166,205,150,50
38,87,151,50
166,213,198,50
162,69,150,50
166,215,150,50
221,54,53,111
221,54,117,111
221,54,55,111
221,54,59,111
221,38,189,111
151,54,53,111
221,54,52,47
221,62,55,110
220,54,181,111
93,54,117,111
205,52,53,110
213,54,53,119
213,62,53,239
93,54,53,111
221,22,52,107
221,54,53,127
130,87,64,70
130,85,192,86
162,87,66,71
130,87,64,230
129,87,192,70
130,87,32,70
130,87,64,86
130,86,64,6
2,87,64,70
128,87,192,70
131,87,64,102
130,87,68,70
162,87,64,70
130,85,65,86
130,87,64,66
146,87,64,6
137,175,55,121
173,239,55,121
169,175,55,121
137,174,119,105
9,143,119,121
153,239,55,125
137,175,59,121
129,175,55,121
201,191,55,121
141,141,55,121
169,175,23,89
137,175,55,89
137,143,55,113
169,175,53,249
140,175,55,121
137,175,54,93
82,110,201,193
82,46,233,209
82,110,193,193
80,126,201,193
90,102,201,193
86,110,201,193
82,110,137,193
82,126,201,193
210,110,203,197
82,110,201,208
80,110,201,193
82,110,201,201
82,110,201,65
82,102,201,193
82,126,201,65
114,78,201,65
209,172,3,214
209,172,43,210
209,174,3,214
209,174,3,222
209,172,19,146
209,164,3,214
209,173,3,214
209,180,3,246
209,172,2,222
217,172,19,214
217,236,3,210
209,168,3,214
213,172,7,214
209,172,11,214
211,172,3,150
209,172,7,214
146,64,17,7
211,65,17,7
144,64,17,7
154,64,25,23
146,96,17,7
146,64,81,7
146,65,16,7
146,64,17,23
146,68,17,7
146,64,21,135
146,65,17,7
146,192,25,23
146,73,25,7
210,64,17,7
146,65,21,15
146,194,17,7
44,140,15,127
36,142,15,95
44,140,13,127
44,140,79,127
44,156,15,127
12,140,15,127
46,140,15,127
44,140,15,63
44,12,15,255
108,140,15,127
44,12,15,126
44,140,7,95
44,141,15,127
40,140,15,127
44,140,15,87
172,140,15,127
39,235,34,93
35,227,34,93
101,235,34,93
37,234,34,89
39,227,34,205
166,235,34,93
38,235,54,93
119,235,98,93
39,235,130,93
39,249,38,93
7,235,34,93
39,235,34,77
167,235,34,93
35,235,34,93
39,235,34,117
39,235,32,29
148,88,77,99
20,88,95,99
148,89,79,99
20,88,77,99
148,72,77,99
188,88,77,99
148,88,205,99
148,88,69,99
148,88,77,111
148,80,79,115
132,88,77,99
156,88,77,67
150,88,77,99
144,88,77,99
144,72,77,97
148,90,77,99
167,221,118,39
167,223,118,39
167,221,86,38
175,220,118,39
167,93,112,39
167,221,84,39
135,221,118,38
167,221,126,63
167,213,118,38
167,221,70,39
167,221,118,167
167,221,119,167
163,221,118,39
167,249,102,39
167,221,119,39
167,220,246,55
128,240,25,37
144,243,25,37
128,240,24,37
128,240,25,53
128,248,25,53
0,240,25,37
132,240,25,37
0,80,25,37
128,112,25,37
132,244,27,37
128,224,25,165
128,244,25,4
128,240,153,37
128,242,25,37
128,180,25,33
128,240,25,45
106,180,84,195
106,182,84,195
107,52,80,195
98,180,84,195
106,180,84,227
106,188,84,227
234,180,84,194
106,176,93,195
106,180,86,195
110,180,84,195
106,52,68,195
251,180,84,195
106,180,213,67
106,180,212,225
104,180,84,194
106,180,76,195
116,243,86,84
116,227,86,84
84,243,86,84
244,247,86,20
112,243,86,116
100,247,86,92
244,243,86,84
244,247,84,84
101,243,86,84
212,243,82,84
117,243,86,68
117,211,86,84
124,243,86,84
116,115,18,84
116,211,86,84
124,247,86,85
253,146,99,72
255,146,99,72
253,178,97,104
245,146,99,72
253,144,99,76
237,146,227,72
253,146,99,64
249,178,107,72
253,154,99,104
253,146,99,104
253,154,99,72
253,178,99,64
253,158,99,72
253,144,99,72
252,146,99,72
253,130,99,72
44,233,252,35
44,233,252,99
172,233,252,35
44,233,220,35
12,233,252,35
40,193,252,35
46,235,252,35
44,232,237,35
47,233,252,33
46,233,252,35
44,109,252,35
172,233,252,39
44,233,252,39
44,169,252,7
44,249,252,3
44,237,252,34
72,231,205,84
200,231,205,20
73,231,205,84
64,231,205,84
72,231,237,80
72,231,197,84
72,247,205,80
72,247,205,84
88,229,205,84
76,231,205,148
72,247,204,85
200,227,205,92
72,199,205,84
74,231,205,84
104,227,205,80
73,231,205,86
250,80,32,114
234,80,32,114
250,64,0,114
250,82,32,82
218,80,32,114
250,80,32,118
250,16,32,98
186,81,32,114
250,80,36,240
248,16,32,242
186,80,32,114
251,81,36,114
250,64,32,114
250,192,32,114
250,81,0,118
250,208,32,242
22,73,37,56
22,73,39,48
30,73,37,57
22,73,37,187
22,73,37,57
30,73,37,56
22,65,37,56
54,73,37,120
18,73,39,40
22,73,39,58
20,73,37,24
22,73,33,48
22,75,37,48
22,75,36,60
22,73,39,56
22,73,37,40
120,149,206,9
88,133,142,9
120,149,207,9
120,149,78,9
120,213,206,137
120,149,202,9
104,149,206,9
120,149,238,41
120,145,206,9
120,145,142,11
184,149,206,8
120,149,204,9
104,149,206,41
122,149,206,137
120,149,206,1
120,149,142,9
64,53,27,175
64,53,27,190
64,61,27,175
64,21,27,191
64,53,19,175
64,53,25,171
68,53,27,175
64,53,31,143
64,20,27,191
0,53,27,167
64,181,27,175
80,53,27,175
64,52,27,175
65,181,26,175
64,53,27,143
64,53,27,103
43,208,193,249
43,210,193,233
43,208,193,241
43,208,0,249
43,208,201,249
43,209,193,217
43,208,197,249
43,208,193,233
43,208,209,249
42,208,193,249
43,208,129,241
43,144,193,253
107,213,193,249
43,82,195,249
107,208,73,249
105,208,193,233
63,4,172,169
63,5,164,173
63,4,172,225
62,4,172,169
63,12,172,169
63,4,172,161
63,4,172,41
63,4,168,169
63,6,173,169
127,4,172,169
63,4,168,171
191,4,168,137
63,148,172,169
47,4,172,169
61,4,164,169
63,6,188,168
219,110,25,49
155,108,25,53
219,126,24,49
219,238,24,49
219,110,27,49
219,110,153,50
218,126,25,49
219,110,24,49
217,106,25,49
223,110,25,113
211,110,89,49
219,109,25,113
217,110,9,177
223,110,25,49
219,110,89,53
219,46,25,52
248,113,72,130
248,113,88,128
248,49,104,130
120,113,72,130
248,81,74,130
248,113,216,146
248,117,88,130
248,97,8,130
184,81,72,194
248,113,40,2
248,49,72,130
249,113,72,162
248,113,64,130
240,113,72,130
248,113,104,3
248,97,72,128
217,249,163,224
217,217,163,224
153,249,163,225
217,249,33,226
217,121,179,224
89,249,163,224
209,57,163,224
217,248,163,224
217,251,163,224
153,253,163,240
217,249,35,226
217,249,187,224
201,249,163,224
217,248,179,224
89,249,163,232
217,249,163,160
113,87,66,85
97,71,66,117
245,87,66,85
113,119,66,29
209,85,66,85
113,87,74,85
113,246,66,85
33,87,66,117
113,23,66,213
113,95,66,85
113,87,66,213
113,87,65,85
113,83,67,213
121,87,66,85
97,215,66,85
113,85,66,85
207,93,0,104
207,93,0,105
239,93,0,104
207,93,0,106
207,93,0,232
207,77,0,104
207,93,0,120
207,93,32,104
142,93,0,104
203,93,4,232
255,93,0,96
207,93,0,108
199,221,16,104
207,93,8,104
207,29,0,120
203,93,0,104
174,206,242,201
174,206,210,201
142,206,226,205
174,206,242,73
174,206,242,137
46,78,242,201
172,78,246,201
254,206,242,203
174,206,210,233
174,238,210,201
46,198,242,201
46,206,242,201
142,207,242,201
174,206,242,200
190,206,242,201
174,206,242,205
95,59,79,203
87,59,79,195
95,59,78,203
95,59,79,195
79,59,71,219
95,43,79,138
93,43,79,203
123,59,79,203
95,27,77,203
87,59,79,203
91,59,79,203
95,59,79,139
95,59,79,219
127,59,15,139
95,50,77,203
95,43,223,203
92,31,183,64
92,31,183,65
92,31,151,64
92,30,183,64
84,31,183,64
92,31,179,64
92,31,183,68
92,31,181,64
92,31,55,64
92,223,183,64
92,31,180,64
94,159,183,66
220,159,183,192
92,95,182,64
92,31,181,0
92,15,135,64
121,135,25,129
121,135,29,161
107,135,25,193
121,199,25,128
89,134,25,129
121,134,25,129
121,135,24,161
125,151,89,129
121,135,25,137
125,135,25,65
115,135,25,133
121,39,89,129
121,135,25,193
121,167,17,129
89,135,25,129
249,135,17,129
9,216,189,254
9,216,157,252
9,88,189,254
8,88,173,254
9,217,183,254
9,200,156,254
9,220,189,126
41,216,189,126
9,220,157,254
73,216,189,254
9,92,189,254
9,218,189,254
9,200,189,254
9,220,189,122
11,216,189,252
73,216,189,174
222,16,178,49
222,152,242,49
222,16,162,16
206,16,178,49
223,16,178,49
158,16,178,113
222,16,176,49
218,16,178,49
254,144,178,49
222,49,178,49
94,144,178,49
222,20,178,57
220,16,178,117
222,0,178,33
222,16,178,177
223,16,162,33
176,187,31,188
144,187,95,188
176,186,31,188
176,250,31,188
160,59,31,188
178,179,31,188
240,187,95,188
176,147,63,188
184,187,31,252
176,187,29,56
240,187,30,190
176,187,31,189
176,171,31,188
144,187,31,188
176,235,31,60
184,187,79,188
230,186,234,204
231,186,235,76
230,186,234,206
230,186,234,220
226,190,234,200
230,186,226,204
198,186,234,76
231,186,234,204
238,187,234,236
230,250,232,76
166,186,234,204
230,190,234,237
230,186,232,204
231,186,234,140
230,254,234,204
230,58,234,204
222,42,227,148
222,170,243,149
158,42,227,148
222,42,235,148
222,170,227,144
222,42,227,144
222,40,227,156
222,40,227,148
222,42,243,148
222,10,227,148
218,42,227,148
220,42,227,156
222,42,227,180
214,34,227,148
126,42,227,148
142,42,225,148
174,96,192,214
174,96,193,214
174,96,193,215
174,96,64,214
174,96,129,215
166,96,128,214
174,64,192,215
238,96,196,214
174,112,192,146
174,96,192,212
174,101,192,214
174,96,192,198
174,96,192,86
174,96,196,222
175,96,224,86
46,96,192,150
234,131,244,50
234,131,244,114
234,155,244,114
238,131,244,50
234,131,252,48
234,131,244,82
234,131,246,50
234,131,245,48
234,195,182,50
234,131,212,50
202,131,116,50
234,3,236,50
232,131,244,50
202,131,244,178
234,131,244,51
234,130,244,178
108,31,168,103
108,31,8,39
108,159,168,39
108,63,168,101
108,30,168,103
108,31,168,102
110,31,168,103
108,31,136,103
108,31,184,231
236,31,172,103
108,63,168,98
108,14,169,103
108,93,168,103
108,31,160,103
108,143,168,101
108,15,168,103
228,10,151,213
228,10,159,213
228,11,149,212
228,74,151,213
236,10,147,213
228,10,151,151
228,42,151,221
228,10,151,215
228,26,135,213
164,10,183,209
228,10,151,85
224,26,135,213
244,10,151,215
228,10,149,213
224,10,151,215
244,11,151,213
69,34,114,182
69,34,178,54
5,35,115,182
69,34,114,38
77,162,50,182
69,34,114,166
69,34,82,182
197,38,114,166
65,34,118,182
69,34,114,183
69,162,122,182
70,34,114,182
197,34,243,182
65,34,114,182
69,32,114,54
69,178,114,54
75,172,237,230
75,236,237,230
75,172,233,230
91,172,239,230
75,172,229,230
75,172,173,230
75,172,205,231
75,172,239,246
73,172,236,230
75,172,237,246
67,140,237,198
75,184,236,230
75,172,253,246
75,172,191,230
75,141,237,230
73,172,253,102
33,180,131,153
33,180,135,153
33,181,131,169
37,180,135,153
33,181,163,153
33,180,131,145
33,180,1,217
33,52,131,249
97,244,131,153
37,181,131,152
33,176,131,153
35,180,131,153
33,180,163,27
33,176,139,153
33,181,131,217
1,182,163,153
120,11,120,198
120,11,120,214
121,11,248,199
122,3,120,194
120,3,122,206
56,11,120,198
120,11,248,198
121,11,120,198
120,73,120,230
120,11,122,198
120,9,120,198
104,11,120,196
112,11,120,198
88,27,120,198
120,27,122,198
120,43,120,134
3,199,27,171
35,199,11,171
3,199,11,171
19,199,59,171
3,199,27,168
3,207,27,171
11,199,17,171
65,231,27,171
131,71,27,171
3,199,27,131
3,198,27,171
139,199,27,171
3,198,31,171
34,199,27,171
131,199,27,171
3,195,25,170
58,157,59,82
50,29,59,114
58,141,59,82
186,157,59,82
58,157,57,82
58,156,115,82
58,157,187,210
58,157,59,86
56,157,51,82
58,157,59,211
50,157,191,82
58,157,59,90
58,153,59,82
58,141,59,146
58,157,59,114
58,156,62,82
236,45,53,249
236,44,53,249
236,37,53,249
236,61,53,249
204,45,21,185
236,41,53,249
174,45,53,249
205,45,117,249
204,45,53,217
252,45,53,248
236,173,53,249
236,45,53,121
236,45,52,120
252,45,60,249
236,43,53,249
236,45,53,251
6,25,162,117
6,25,162,116
4,89,178,117
70,25,162,117
22,25,162,117
10,25,160,117
7,89,162,101
70,89,162,117
34,25,162,117
6,27,162,117
38,25,160,125
6,153,163,245
6,153,162,117
2,89,162,117
6,57,178,119
6,25,162,85
249,136,81,161
249,136,209,177
249,136,81,165
249,136,80,161
241,136,83,161
249,128,81,161
249,128,80,161
251,136,81,161
249,136,81,185
241,128,209,161
251,136,17,163
251,136,81,163
249,136,49,161
248,144,81,161
249,136,91,161
245,136,113,161
234,51,208,227
234,51,240,227
250,51,240,99
226,51,208,242
234,51,209,226
106,49,208,227
234,51,148,226
234,51,80,225
106,179,208,225
234,35,212,227
234,51,192,163
234,83,216,227
234,51,240,99
234,19,208,227
232,51,208,211
234,55,208,227
219,177,73,84
219,180,73,84
155,177,73,148
249,181,73,84
219,209,73,84
219,179,72,84
211,177,77,84
219,177,73,70
219,176,73,212
211,177,75,84
216,177,73,84
219,177,137,80
219,181,73,84
203,177,73,16
219,48,73,84
219,249,73,86
185,20,82,135
185,84,82,7
189,20,82,134
185,20,210,198
249,20,90,199
185,52,82,135
185,22,82,135
184,20,82,135
59,20,82,199
189,20,82,131
181,20,82,135
185,22,90,135
185,20,82,7
185,20,82,134
187,20,82,143
185,29,82,135
144,90,157,93
144,74,157,93
144,90,157,87
176,90,156,85
208,74,157,93
128,82,157,93
145,26,157,93
16,26,159,93
128,74,29,93
176,90,157,93
152,90,157,85
145,90,157,92
128,90,61,93
128,90,156,125
144,90,157,95
144,90,141,93
43,41,52,171
43,43,54,171
47,41,52,171
11,41,52,163
43,57,52,163
43,41,52,41
43,41,53,43
43,40,52,171
43,41,176,169
35,57,52,171
41,9,52,171
43,33,52,171
43,105,52,171
34,41,52,171
163,41,52,171
59,161,52,171
19,171,66,152
147,163,66,152
19,187,66,152
19,179,2,152
19,235,66,152
19,163,64,152
19,171,64,154
17,171,66,144
19,163,66,216
19,171,66,136
19,171,66,144
83,171,66,152
27,139,66,144
19,171,82,24
19,171,70,152
19,227,66,153
187,241,205,31
187,113,205,95
255,241,205,31
187,240,141,31
187,225,205,28
57,241,205,31
187,241,77,31
187,240,205,31
187,241,207,31
187,241,141,28
187,225,205,31
187,241,205,95
179,177,205,95
179,241,205,31
191,241,205,31
186,241,205,31
189,187,159,132
189,185,159,132
153,59,159,132
189,179,223,148
189,187,151,132
165,187,159,132
181,187,223,132
189,187,157,133
141,187,31,132
189,187,159,194
189,171,159,164
127,187,159,132
189,191,159,134
188,187,159,132
189,59,159,132
189,187,191,196
97,171,135,40
97,170,151,40
99,170,135,41
97,11,135,40
97,170,135,160
97,171,135,56
97,171,7,57
65,179,135,40
99,171,135,40
97,171,135,46
99,139,135,44
97,139,133,168
241,169,135,40
105,175,199,40
97,175,135,8
69,171,135,40
190,146,227,150
190,154,227,150
190,19,227,150
190,146,211,150
190,210,163,151
62,146,235,182
190,146,193,146
158,18,99,150
190,146,99,150
190,147,227,150
158,146,231,150
190,146,163,158
254,146,226,214
190,146,225,150
182,50,227,150
190,210,231,150
6,40,3,210
6,104,35,210
6,40,3,211
6,40,35,210
7,56,3,214
6,40,67,210
6,40,3,242
6,40,3,194
6,104,3,214
7,40,3,210
7,40,3,192
2,32,67,210
6,60,3,210
5,40,3,210
6,56,35,242
134,40,3,210
143,140,253,66
143,140,213,74
143,140,223,66
143,140,253,194
142,142,253,66
135,134,253,66
143,12,247,66
143,140,253,98
141,140,249,66
139,140,253,66
143,172,253,34
139,140,253,202
143,132,249,66
143,142,253,66
143,140,173,82
139,140,249,66
97,250,163,159
65,234,163,159
97,250,163,191
97,250,160,151
97,250,163,157
97,186,163,159
65,254,163,159
97,218,163,63
99,250,162,143
97,250,163,158
97,248,179,159
97,251,163,159
97,122,163,159
99,186,163,159
97,250,163,151
97,250,163,31
107,107,118,180
43,111,114,180
107,107,114,182
107,107,117,180
75,123,118,180
107,107,118,182
107,111,246,52
107,107,126,180
123,107,118,181
107,43,102,180
99,107,118,180
107,107,244,148
235,107,87,180
171,107,119,180
43,107,118,148
106,107,118,180
168,58,212,21
168,58,212,23
168,58,220,21
168,26,212,21
168,26,212,29
136,58,84,21
160,58,213,21
136,58,208,21
168,58,212,17
184,62,212,5
168,114,212,21
160,58,212,5
168,58,212,81
136,58,212,21
168,58,196,21
168,58,244,21
149,142,36,68
144,142,32,68
149,142,4,68
149,142,36,196
149,150,36,70
149,142,36,100
157,14,36,68
149,138,36,68
149,134,36,69
149,142,244,68
145,222,36,68
149,139,36,68
145,142,36,68
151,142,36,68
151,142,36,4
181,142,36,68
175,123,57,239
47,123,57,239
47,122,57,239
143,123,57,235
143,107,57,239
175,123,59,239
238,123,57,239
175,122,57,255
142,123,57,207
175,123,41,111
141,123,41,239
187,123,57,111
175,123,27,239
143,123,57,239
175,127,61,239
175,127,57,239
115,179,174,208
99,179,174,208
115,179,174,224
103,179,238,208
115,251,172,208
115,51,174,208
115,179,172,208
115,179,174,80
115,243,142,212
115,187,174,145
115,163,170,210
115,177,238,208
115,179,174,212
115,179,174,192
83,179,174,208
211,179,174,212
147,148,99,153
147,149,99,153
147,148,98,153
151,148,99,153
147,212,99,137
147,148,99,187
147,148,99,201
151,208,99,153
147,148,99,152
155,148,35,155
147,148,103,153
144,148,98,153
147,134,99,157
131,148,115,145
147,148,35,153
147,148,107,153
77,233,73,232
77,233,105,232
76,201,73,232
77,233,65,104
77,201,73,200
197,233,73,168
205,233,73,233
77,233,89,232
93,233,89,232
77,233,9,168
77,233,104,232
77,233,73,234
77,237,201,168
77,233,201,232
77,232,201,248
75,237,73,232
109,173,13,99
109,189,29,98
109,165,15,107
109,173,5,33
109,167,13,97
109,253,29,99
109,173,45,99
109,165,13,227
109,173,13,51
109,174,13,107
121,173,13,227
77,189,13,99
101,173,13,107
105,175,77,99
125,173,45,97
237,172,77,99
50,205,210,212
50,205,210,220
50,204,226,212
50,205,82,212
50,141,210,196
178,141,210,212
50,205,210,148
51,207,210,220
54,205,214,212
50,205,210,208
50,205,212,244
50,205,210,246
50,205,210,92
50,141,211,208
50,205,210,84
48,205,195,212
75,212,108,231
75,213,108,167
91,213,108,247
75,212,236,247
75,214,100,231
67,209,108,231
75,212,109,103
73,244,76,231
91,212,108,231
91,212,44,239
75,208,100,231
43,212,76,231
75,212,237,199
75,212,109,231
79,212,76,231
75,213,108,231
0,236,215,174
0,236,151,174
0,237,215,174
0,236,215,172
64,228,215,174
0,238,215,174
0,172,215,174
64,236,215,174
0,252,151,174
8,238,215,172
0,252,215,175
128,238,215,238
0,236,215,170
2,236,223,174
0,237,151,142
20,236,215,174
36,24,210,95
36,24,198,95
36,25,243,95
32,24,210,95
36,88,210,95
36,152,210,93
4,24,210,95
36,26,214,87
38,152,210,95
44,24,210,95
44,24,218,95
38,24,210,95
36,28,130,95
36,24,210,87
36,24,243,95
36,8,210,87
91,176,125,210
89,176,125,210
95,160,125,208
91,176,125,194
91,176,125,18
219,112,125,210
91,180,121,210
27,160,125,218
91,176,253,208
91,176,77,210
219,176,121,82
83,176,125,218
89,182,125,210
91,176,125,214
91,176,237,210
91,176,127,194
55,125,94,203
55,253,78,195
119,125,94,203
55,101,94,75
63,109,94,203
55,109,95,203
39,125,94,203
39,61,94,203
55,253,94,202
55,121,94,202
55,125,95,203
55,125,90,195
55,61,94,203
39,125,94,251
55,125,94,219
55,109,94,202
37,87,115,90
37,87,113,26
37,87,115,94
37,80,115,90
37,95,115,218
53,87,113,90
37,19,115,90
165,87,113,74
37,87,119,222
37,87,250,90
37,87,115,218
37,87,115,26
37,85,115,90
45,23,115,90
37,119,115,90
36,87,119,74
196,115,230,244
196,115,198,252
196,123,230,181
196,115,229,244
196,247,166,244
196,51,230,244
198,115,230,244
196,122,230,116
196,115,226,112
196,99,230,244
132,51,230,244
196,115,228,180
224,51,230,244
192,115,230,244
196,115,226,244
192,114,230,244
145,96,150,24
145,96,151,24
145,100,150,24
209,96,150,48
145,96,214,16
145,64,182,26
145,102,150,24
145,96,182,56
145,98,150,29
145,96,158,24
145,96,182,24
209,96,166,24
145,96,31,24
17,96,150,24
147,97,150,25
145,96,150,56
12,145,239,181
28,145,239,181
12,177,239,181
44,209,239,245
12,145,207,181
13,145,239,181
12,145,235,149
12,145,239,177
12,145,239,253
14,145,111,181
12,147,239,149
12,145,239,185
76,145,239,61
12,144,239,181
12,145,238,181
142,129,239,181
85,195,242,190
85,195,242,62
85,203,242,190
85,195,250,187
117,211,210,190
93,195,242,190
85,203,242,186
85,194,243,188
89,195,242,188
21,195,242,190
85,195,225,190
84,195,242,190
93,195,227,190
117,195,242,62
21,195,178,186
85,199,114,190
8,160,165,91
12,160,165,91
0,164,181,91
40,160,165,91
8,160,161,91
138,164,165,91
8,164,165,91
72,160,133,91
72,160,173,91
72,160,165,90
8,32,165,91
1,161,165,91
8,128,165,91
136,164,37,91
8,168,165,91
136,160,165,91
1,127,76,189
1,125,76,253
3,95,76,189
1,123,76,189
5,127,76,189
65,111,76,189
25,127,76,189
1,95,76,189
1,127,12,189
3,127,68,189
65,127,76,189
1,127,76,61
145,127,76,189
65,95,76,173
1,127,77,189
1,126,72,181
187,124,123,21
187,116,123,21
187,124,123,149
187,108,251,5
187,120,123,21
187,124,121,21
187,124,123,31
187,124,219,21
235,124,123,149
187,124,123,133
187,125,121,21
187,244,123,21
179,124,122,85
186,124,251,21
186,124,123,23
187,124,123,23
61,189,171,124
63,189,41,124
61,188,171,124
61,189,171,108
125,157,170,124
189,173,171,124
61,189,43,116
29,191,171,124
61,181,163,124
61,189,171,120
125,189,171,252
61,181,171,116
60,181,171,124
53,191,175,124
61,164,171,124
61,189,43,124
251,133,36,206
251,131,36,206
219,133,36,206
251,197,32,207
251,149,100,206
251,149,36,204
234,5,36,206
122,133,36,202
235,165,32,206
123,149,36,206
251,199,32,206
251,135,32,78
235,197,52,206
187,129,36,206
251,165,36,206
251,132,36,206
219,227,153,185
219,193,153,185
219,227,145,217
219,177,153,185
159,227,153,185
211,227,217,185
91,227,137,187
251,227,153,185
251,99,153,185
211,227,153,185
216,227,185,185
219,235,153,185
219,163,153,185
211,225,25,185
219,99,153,185
91,227,25,185
220,19,192,186
220,3,192,186
220,147,208,187
220,18,192,186
212,179,192,186
220,83,192,186
220,19,200,186
92,83,192,250
220,19,196,186
221,27,192,186
220,155,64,186
204,51,128,186
220,19,208,58
220,19,130,186
212,19,192,186
220,19,193,58
250,10,22,48
250,138,4,48
254,10,22,32
234,138,22,49
250,10,22,112
250,8,22,48
250,42,22,48
250,58,20,48
248,10,6,48
248,10,23,50
178,10,22,52
122,10,22,49
250,10,63,48
186,2,22,48
202,10,22,48
250,34,54,48
242,203,232,24
246,203,192,24
242,203,232,184
242,203,232,25
246,203,232,24
242,235,216,24
250,203,232,24
242,203,104,24
242,207,232,24
242,219,232,24
243,203,232,90
246,203,248,24
122,201,232,24
178,203,232,56
243,235,168,24
226,75,232,152
11,225,254,205
11,225,254,204
43,229,254,204
11,225,254,143
31,225,254,205
11,225,238,77
9,229,254,205
11,225,86,205
11,233,254,221
11,225,254,207
139,97,254,205
11,241,254,237
43,225,255,237
11,225,254,79
11,105,254,205
11,225,254,189
29,6,12,221
29,6,12,253
29,102,12,221
17,6,12,221
29,38,12,221
29,4,12,221
29,7,28,221
29,14,12,221
29,6,93,221
93,6,12,221
21,6,28,221
29,6,140,221
29,6,12,204
29,6,12,201
31,6,12,205
29,0,12,205
25,163,82,98
25,163,80,106
25,163,66,34
25,162,82,234
25,163,90,98
89,163,112,98
153,163,82,98
25,162,66,98
17,163,82,98
25,163,82,96
25,167,82,98
25,35,82,98
29,163,74,98
25,179,82,98
25,163,83,98
25,163,66,98
61,241,158,234
45,241,158,234
29,49,158,234
61,209,142,235
53,241,150,238
61,241,158,235
61,241,158,106
189,241,158,234
61,241,156,234
45,240,158,234
60,225,156,234
29,241,158,234
157,245,158,234
29,241,30,234
61,241,158,170
45,243,158,202
140,123,108,51
204,91,108,51
140,67,108,51
156,115,108,51
140,123,108,50
136,122,108,51
140,251,108,51
140,123,110,51
140,115,108,51
136,127,44,51
156,123,108,115
140,75,108,51
141,123,108,49
140,127,172,51
140,59,108,123
140,123,236,51
153,140,79,27
153,141,111,59
153,204,77,27
153,172,79,219
153,141,79,29
137,156,95,27
145,140,95,27
152,140,79,27
157,136,207,27
157,132,79,27
153,140,77,27
25,12,71,27
153,140,103,26
137,140,79,75
155,140,207,27
153,141,79,27
27,85,132,251
25,93,4,251
83,85,132,251
25,85,132,123
25,21,132,219
27,69,148,251
27,85,140,251
27,84,196,251
27,85,133,251
27,85,132,123
27,85,212,249
27,87,132,251
155,85,129,251
27,117,132,255
155,85,132,251
25,85,164,251
249,93,247,79
249,93,247,71
249,93,243,79
217,93,247,79
249,77,231,79
249,85,247,79
249,89,231,75
241,89,183,79
241,125,247,79
249,93,183,79
249,77,199,79
249,92,255,79
249,95,247,79
249,85,215,79
121,29,247,77
121,92,183,79
5,117,108,118
5,37,108,118
5,117,108,126
5,245,104,86
5,181,108,118
3,125,108,118
5,117,44,118
5,117,204,118
5,85,124,119
4,117,108,118
101,113,108,118
5,117,110,118
1,117,110,246
5,117,126,118
133,117,76,118
5,119,109,246
114,51,185,26
114,51,184,90
82,55,185,26
114,59,185,26
115,51,185,90
114,19,185,26
82,51,185,27
114,35,185,186
98,50,185,24
114,115,185,26
114,179,57,26
114,51,153,30
114,51,185,154
114,35,153,154
114,51,187,26
112,51,185,27
77,2,227,125
79,2,227,125
77,2,227,124
79,2,99,125
109,2,227,125
77,2,243,125
93,3,227,117
69,2,225,125
77,98,227,125
13,2,99,125
77,6,227,61
77,2,195,125
77,2,227,253
73,2,227,125
77,34,195,125
77,18,227,125
156,60,208,41
156,116,208,41
156,44,208,169
148,60,208,41
156,60,210,41
158,20,208,41
188,60,208,41
156,60,208,40
152,60,144,41
156,60,16,41
156,60,208,169
156,56,208,61
188,60,216,41
150,60,208,9
156,44,80,169
156,124,209,41
185,188,59,177
185,188,26,177
185,184,123,177
57,188,59,177
186,172,59,177
57,188,51,161
185,188,27,241
185,188,58,176
185,188,123,241
187,188,59,177
177,188,59,177
185,188,186,177
185,180,27,177
169,172,59,177
185,252,27,177
177,188,27,241